00011110,00000000
00000110,00000001
00100101,00000010
00010100,00000011
00111100,00000100
00011001,00000101
00101011,00000110
00011011,00000111
00110000,00001000
00010011,00001001
00101111,00001010
00110111,00001011
00010001,00001100
00100000,00001101
00110101,00001110
00010010,00001111
00110110,00010000
00111011,00010001
00001000,00010010
00001110,00010011
00111001,00010100
00100110,00010101
00000001,00010110
00001001,00010111
00000010,00011000
00100111,00011001
00100001,00011010
00111101,00011011
00010111,00011100
00101010,00011101
00000000,00011110
00101100,00011111
00001111,00100000
00011100,00100001
00001011,00100010
00110100,00100011
00101001,00100100
00011101,00100101
00000011,00100110
00001101,00100111
00011111,00101000
00110010,00101001
00000100,00101010
00011010,00101011
00000111,00101100
00111110,00101101
00110011,00101110
00001010,00101111
00100011,00110000
00001100,00110001
00111111,00110010
00010101,00110011
00011000,00110100
00101000,00110101
00111000,00110110
00111010,00110111
00100010,00111000
00101110,00111001
00010000,00111010
00101101,00111011
00110001,00111100
00000101,00111101
00100100,00111110
00010110,00111111
01011110,01000000
01000110,01000001
01100101,01000010
01010100,01000011
01111100,01000100
01011001,01000101
01101011,01000110
01011011,01000111
01110000,01001000
01010011,01001001
01101111,01001010
01110111,01001011
01010001,01001100
01100000,01001101
01110101,01001110
01010010,01001111
01110110,01010000
01111011,01010001
01001000,01010010
01001110,01010011
01111001,01010100
01100110,01010101
01000001,01010110
01001001,01010111
01000010,01011000
01100111,01011001
01100001,01011010
01111101,01011011
01010111,01011100
01101010,01011101
01000000,01011110
01101100,01011111
01001111,01100000
01011100,01100001
01001011,01100010
01110100,01100011
01101001,01100100
01011101,01100101
01000011,01100110
01001101,01100111
01011111,01101000
01110010,01101001
01000100,01101010
01011010,01101011
01000111,01101100
01111110,01101101
01110011,01101110
01001010,01101111
01100011,01110000
01001100,01110001
01111111,01110010
01010101,01110011
01011000,01110100
01101000,01110101
01111000,01110110
01111010,01110111
01100010,01111000
01101110,01111001
01010000,01111010
01101101,01111011
01110001,01111100
01000101,01111101
01100100,01111110
01010110,01111111
10011110,10000000
10000110,10000001
10100101,10000010
10010100,10000011
10111100,10000100
10011001,10000101
10101011,10000110
10011011,10000111
10110000,10001000
10010011,10001001
10101111,10001010
10110111,10001011
10010001,10001100
10100000,10001101
10110101,10001110
10010010,10001111
10110110,10010000
10111011,10010001
10001000,10010010
10001110,10010011
10111001,10010100
10100110,10010101
10000001,10010110
10001001,10010111
10000010,10011000
10100111,10011001
10100001,10011010
10111101,10011011
10010111,10011100
10101010,10011101
10000000,10011110
10101100,10011111
10001111,10100000
10011100,10100001
10001011,10100010
10110100,10100011
10101001,10100100
10011101,10100101
10000011,10100110
10001101,10100111
10011111,10101000
10110010,10101001
10000100,10101010
10011010,10101011
10000111,10101100
10111110,10101101
10110011,10101110
10001010,10101111
10100011,10110000
10001100,10110001
10111111,10110010
10010101,10110011
10011000,10110100
10101000,10110101
10111000,10110110
10111010,10110111
10100010,10111000
10101110,10111001
10010000,10111010
10101101,10111011
10110001,10111100
10000101,10111101
10100100,10111110
10010110,10111111
11011110,11000000
11000110,11000001
11100101,11000010
11010100,11000011
11111100,11000100
11011001,11000101
11101011,11000110
11011011,11000111
11110000,11001000
11010011,11001001
11101111,11001010
11110111,11001011
11010001,11001100
11100000,11001101
11110101,11001110
11010010,11001111
11110110,11010000
11111011,11010001
11001000,11010010
11001110,11010011
11111001,11010100
11100110,11010101
11000001,11010110
11001001,11010111
11000010,11011000
11100111,11011001
11100001,11011010
11111101,11011011
11010111,11011100
11101010,11011101
11000000,11011110
11101100,11011111
11001111,11100000
11011100,11100001
11001011,11100010
11110100,11100011
11101001,11100100
11011101,11100101
11000011,11100110
11001101,11100111
11011111,11101000
11110010,11101001
11000100,11101010
11011010,11101011
11000111,11101100
11111110,11101101
11110011,11101110
11001010,11101111
11100011,11110000
11001100,11110001
11111111,11110010
11010101,11110011
11011000,11110100
11101000,11110101
11111000,11110110
11111010,11110111
11100010,11111000
11101110,11111001
11010000,11111010
11101101,11111011
11110001,11111100
11000101,11111101
11100100,11111110
11010110,11111111
